1122333 1 01/01/15 25.25 
223334444 2 01/01/15 30.57 
123123 3 01/01/15 10.00 
141414 4 01/01/15 43.08 
1122333 5 01/01/15 100.05 
456784 6 01/01/15 10.23 
983984 7 01/01/15 800.99 
983985 7 01/01/15 80.99 
983986 7 01/01/15 800.99 
983987 7 01/01/15 800.99 
983988 7 01/01/15 800.99 
983989 7 01/01/15 8.99 
983990 7 01/01/15 80.99 
983984 7 01/02/15 800.99 
983984 7 01/03/15 80000.99 
983984 7 01/04/15 80000.99 
983984 7 01/01/16 800.99 
983984 7 02/01/16 800.99 
983984 7 01/01/15 8.00  
983984 7 02/01/15 80.99 
983984 7 01/01/15 8.99 
983984 7 02/02/09 80.99 
983984 7 01/12/15 80.99 
983984 7 01/01/11 80.99 
983984 7 01/31/12 800.99 
983984 7 01/01/13 80.99 
983984 7 01/12/14 80.99 
983984 7 01/01/15 80.99 
983984 7 01/01/16 80.99 
983984 7 01/01/17 8.99 
983984 7 01/01/18 8.99 
983984 7 01/01/15 80.99 
